1 24 8
2 12 4.5
3 12 4.5
4 8 2
5 12 4.5
6 8 2
7 0 2
8 4 0.5
9 12 4.5
10 0 2
11 8 2
12 4 0.5
13 8 2
14 4 0.5
15 4 0.5
16 8 0
17 12 4.5
18 8 2
19 0 2
20 4 0.5
21 0 2
22 4 0.5
23 -12 0.5
24 0 0
25 0 2
26 -4 0.5
27 -4 0.5
28 0 0
29 -4 0.5
30 0 0
31 -8 0
32 4 0.5
33 12 4.5
34 0 2
35 8 2
36 4 0.5
37 0 2
38 -4 0.5
39 -4 0.5
40 0 0
41 0 2
42 -12 0.5
43 4 0.5
44 0 0
45 -4 0.5
46 -8 0
47 0 0
48 4 0.5
49 8 2
50 4 0.5
51 4 0.5
52 8 0
53 -4 0.5
54 0 0
55 -8 0
56 4 0.5
57 -4 0.5
58 -8 0
59 0 0
60 4 0.5
61 -8 0
62 -4 0.5
63 -4 0.5
64 8 2
65 12 4.5
66 0 2
67 0 2
68 -4 0.5
69 8 2
70 4 0.5
71 -4 0.5
72 0 0
73 0 2
74 -12 0.5
75 -4 0.5
76 -8 0
77 4 0.5
78 0 0
79 0 0
80 4 0.5
81 8 2
82 4 0.5
83 -4 0.5
84 0 0
85 4 0.5
86 8 0
87 -8 0
88 4 0.5
89 -4 0.5
90 -8 0
91 -8 0
92 -4 0.5
93 0 0
94 4 0.5
95 -4 0.5
96 8 2
97 0 2
98 -12 0.5
99 -4 0.5
100 -8 0
101 -4 0.5
102 -8 0
103 -8 0
104 -4 0.5
105 -12 0.5
106 -24 0
107 -8 0
108 -12 0.5
109 -8 0
110 -12 0.5
111 -4 0.5
112 0 2
113 4 0.5
114 0 0
115 0 0
116 4 0.5
117 0 0
118 4 0.5
119 -4 0.5
120 8 2
121 -8 0
122 -12 0.5
123 -4 0.5
124 0 2
125 -4 0.5
126 0 2
127 0 2
128 12 4.5
129 12 4.5
130 0 2
131 0 2
132 -4 0.5
133 0 2
134 -4 0.5
135 -12 0.5
136 -8 0
137 8 2
138 -4 0.5
139 4 0.5
140 0 0
141 4 0.5
142 0 0
143 0 0
144 4 0.5
145 0 2
146 -4 0.5
147 -12 0.5
148 -8 0
149 -12 0.5
150 -8 0
151 -24 0
152 -12 0.5
153 -4 0.5
154 -8 0
155 -8 0
156 -4 0.5
157 -8 0
158 -4 0.5
159 -12 0.5
160 0 2
161 8 2
162 -4 0.5
163 4 0.5
164 0 0
165 -4 0.5
166 -8 0
167 -8 0
168 -4 0.5
169 4 0.5
170 -8 0
171 8 0
172 4 0.5
173 0 0
174 -4 0.5
175 4 0.5
176 8 2
177 4 0.5
178 0 0
179 0 0
180 4 0.5
181 -8 0
182 -4 0.5
183 -12 0.5
184 0 2
185 0 0
186 -4 0.5
187 4 0.5
188 8 2
189 -4 0.5
190 0 2
191 0 2
192 12 4.5
193 8 2
194 -4 0.5
195 -4 0.5
196 -8 0
197 4 0.5
198 0 0
199 -8 0
200 -4 0.5
201 4 0.5
202 -8 0
203 0 0
204 -4 0.5
205 8 0
206 4 0.5
207 4 0.5
208 8 2
209 4 0.5
210 0 0
211 -8 0
212 -4 0.5
213 0 0
214 4 0.5
215 -12 0.5
216 0 2
217 0 0
218 -4 0.5
219 -4 0.5
220 0 2
221 4 0.5
222 8 2
223 0 2
224 12 4.5
225 4 0.5
226 -8 0
227 0 0
228 -4 0.5
229 0 0
230 -4 0.5
231 -4 0.5
232 0 2
233 0 0
234 -12 0.5
235 4 0.5
236 0 2
237 4 0.5
238 0 2
239 8 2
240 12 4.5
241 8 0
242 4 0.5
243 4 0.5
244 8 2
245 4 0.5
246 8 2
247 0 2
248 12 4.5
249 4 0.5
250 0 2
251 8 2
252 12 4.5
253 8 2
254 12 4.5
255 12 4.5
256 24 8
